0001 0.00 0.00 0 3.8 3.0 1 -5.5 20.1 
0002 0.00 0.00 0 3.8 3.1 1 -5.6 20.3 
0003 -0.00 0.48 0 3.8 3.5 1 -5.6 20.7 
0004 -0.00 1.06 0 3.8 4.1 1 -5.6 21.3 
0005 -0.01 1.68 0 3.8 4.7 1 -5.6 21.9 
0006 -0.01 2.33 0 3.8 5.4 1 -5.6 22.5 
0007 -0.01 2.99 0 3.8 6.0 1 -5.6 23.0 
0008 -0.01 3.68 0 3.8 6.7 1 -5.6 23.6 
0009 -0.01 4.38 0 3.8 7.4 1 -5.5 24.2 
0010 -0.01 5.11 0 3.8 8.2 1 -5.5 24.9 
0011 -0.01 5.81 0 3.8 8.9 1 -5.5 25.4 
0012 -0.02 6.50 0 3.8 9.6 1 -5.4 25.9 
0013 -0.02 7.18 0 3.8 10.2 1 -5.4 26.2 
0014 -0.02 7.89 0 3.8 10.9 1 -5.3 26.6 
0015 -0.02 8.62 0 3.8 11.6 1 -5.3 27.1 
0016 -0.02 9.37 0 3.8 12.3 1 -5.2 27.6 
0017 -0.02 10.15 0 3.7 13.1 1 -5.2 28.1 
0018 -0.02 10.91 0 3.7 13.8 1 -5.2 28.6 
0019 -0.03 11.68 0 3.7 14.5 1 -5.1 29.2 
0020 -0.03 12.45 0 3.7 15.3 1 -5.1 29.8 
0021 -0.03 13.19 0 3.7 15.9 1 -5.1 30.4 
0022 -0.03 13.90 0 3.7 16.7 1 -5.1 31.2 
0023 -0.03 14.59 0 3.7 17.3 1 -5.2 31.8 
0024 -0.03 15.30 0 3.7 18.1 1 -5.2 32.6 
0025 -0.03 16.00 0 3.7 18.8 1 -5.3 33.5 
0026 -0.02 16.71 0 3.7 19.5 1 -5.3 34.4 
0027 -0.02 17.41 0 3.6 20.2 1 -5.4 35.2 
0028 -0.01 18.14 0 3.6 20.9 1 -5.4 36.1 
0029 -0.01 18.88 0 3.6 21.6 1 -5.5 36.9 
0030 -0.01 19.66 0 3.6 22.4 1 -5.5 37.7 
0031 -0.01 20.43 0 3.6 23.2 1 -5.5 38.6 
0032 -0.01 21.20 0 3.6 23.9 1 -5.5 39.3 
0033 -0.00 21.92 0 3.6 24.7 1 -5.5 40.2 
0034 -0.01 22.61 0 3.5 25.4 1 -5.6 41.0 
0035 -0.00 23.31 0 3.5 26.2 1 -5.6 41.7 
0036 -0.00 24.05 0 3.5 26.9 1 -5.5 42.4 
0037 -0.00 24.81 0 3.5 27.7 1 -5.5 43.2 
0038 -0.00 25.59 0 3.5 28.5 1 -5.4 43.9 
0039 -0.00 26.32 0 3.5 29.3 1 -5.4 44.6 
0040 0.00 27.00 0 3.5 29.9 1 -5.3 45.2 
0041 0.00 27.71 0 3.5 30.8 1 -5.2 45.9 
0042 0.00 28.47 0 3.5 31.5 1 -5.1 46.5 
0043 -0.00 29.23 0 3.5 32.3 1 -4.9 47.0 
0044 -0.00 29.99 0 3.5 33.1 1 -4.7 47.3 
0045 -0.01 30.72 0 3.5 33.9 1 -4.5 47.6 
0046 -0.01 31.43 0 3.5 34.6 1 -4.3 47.9 
0047 -0.02 32.15 0 3.5 35.3 1 -4.1 48.2 
0048 -0.02 32.93 0 3.5 36.1 1 -3.9 48.5 
0049 -0.03 33.70 0 3.5 37.0 1 -3.6 48.9 
0050 -0.04 34.45 0 3.5 37.7 1 -3.4 49.2 
0051 -0.04 35.20 0 3.5 38.5 1 -3.1 49.4 
0052 -0.05 35.94 0 3.5 39.3 1 -2.8 49.8 
0053 -0.06 36.66 0 3.5 40.1 1 -2.5 50.0 
0054 -0.07 37.38 0 3.6 40.8 1 -2.2 50.3 
0055 -0.08 38.08 0 3.6 41.5 1 -2.0 50.7 
0056 -0.08 38.81 0 3.6 42.4 1 -1.7 51.0 
0057 -0.09 39.50 0 3.7 43.0 1 -1.4 51.1 
0058 -0.10 40.20 0 3.6 43.7 1 -1.2 51.4 
0059 -0.11 40.89 0 3.7 44.4 1 -1.0 51.7 
0060 -0.12 41.60 0 3.7 45.2 1 -0.7 52.1 
0061 -0.13 42.27 0 3.8 45.9 1 -0.5 52.5 
0062 -0.13 42.95 0 3.8 46.6 1 -0.3 52.9 
0063 -0.14 43.65 0 3.9 47.3 1 0.0 53.3 
0064 -0.15 44.37 0 4.0 48.1 1 0.1 53.8 
0065 -0.16 45.08 0 4.1 48.8 1 0.3 54.2 
0066 -0.16 45.78 0 4.1 49.5 1 0.5 54.7 
0067 -0.17 46.44 0 4.2 50.3 1 0.7 55.2 
0068 -0.17 47.10 0 4.3 51.0 1 0.9 55.7 
0069 -0.18 47.81 0 4.4 51.7 1 1.1 56.2 
0070 -0.19 48.52 0 4.5 52.5 1 1.3 56.6 
0071 -0.19 49.19 0 4.6 53.1 1 1.5 57.0 
0072 -0.20 49.83 0 4.6 53.8 1 1.6 57.4 
0073 -0.21 50.49 0 4.7 54.5 1 1.8 57.6 
0074 -0.22 51.16 0 4.9 55.2 1 2.0 58.0 
0075 -0.22 51.82 0 5.0 55.9 1 2.2 58.4 
0076 -0.22 52.47 0 5.2 56.6 1 2.3 58.7 
0077 -0.23 53.09 0 5.3 57.2 1 2.5 59.0 
0078 -0.23 53.72 0 5.5 58.0 1 2.6 59.5 
0079 -0.24 54.33 0 5.7 58.6 1 2.8 59.8 
0080 -0.24 54.94 0 5.9 59.3 1 2.9 60.1 
0081 -0.25 55.56 0 6.1 59.9 1 3.0 60.5 
0082 -0.25 56.16 0 6.3 60.5 1 3.0 60.8 
0083 -0.26 56.79 0 6.5 61.2 1 3.1 61.2 
0084 -0.26 57.42 0 6.7 61.9 1 3.2 61.7 
0085 -0.27 58.06 0 6.9 62.6 1 3.3 62.0 
0086 -0.28 58.70 0 7.1 63.3 1 3.3 62.4 
0087 -0.29 59.32 0 7.4 64.1 1 3.4 62.9 
0088 -0.30 59.92 0 7.7 64.8 1 3.5 63.3 
0089 -0.30 60.53 0 7.8 65.5 1 3.5 63.7 
0090 -0.31 61.17 1 3.6 64.1 
0091 -0.32 61.82 1 3.7 64.6 
0092 -0.33 62.47 1 3.8 65.1 
0093 -0.34 63.07 1 3.9 65.6 
0094 -0.35 63.67 1 4.0 66.0 
0095 -0.36 64.26 1 4.0 66.5 
0096 -0.37 64.84 1 4.1 67.0 
0097 -0.38 65.44 1 4.2 67.5 
0098 -0.38 66.06 1 4.2 68.0 
